3.287467773027389489e-02 1.233958999999999924e-02
5.479112955045649380e-02 1.785352639999999991e-02
1.241932269810347156e-01 2.336746279999999884e-02
5.369530695944736420e-01 2.888139919999999777e-02
1.077558881158977799e+00 3.439533560000000018e-02
2.297574699149142141e+00 3.990927199999999564e-02
4.408859557826732889e+00 4.542320839999999804e-02
8.160225561047987242e+00 5.093714479999999351e-02
1.175087091758790336e+01 5.645108119999999591e-02
1.618529966920484853e+01 6.196501759999999831e-02
2.022157954608847774e+01 6.747895399999999377e-02
2.204795053110369452e+01 7.299289039999999618e-02
2.236208634052631083e+01 7.850682679999999858e-02
2.081697648720343707e+01 8.402076320000000098e-02
1.767196565100723404e+01 8.953469959999998951e-02
1.340556303001168814e+01 9.504863599999999191e-02
9.277964603877299155e+00 1.005625723999999943e-01
5.559473278386318995e+00 1.060765087999999967e-01
2.987942931484893982e+00 1.115904451999999991e-01
1.406305658461716623e+00 1.171043815999999876e-01
5.880914571748997455e-01 1.226183179999999900e-01
2.922193576024346151e-01 1.281322544000000063e-01
6.209661349051735779e-02 1.336461908000000087e-01
2.191645182018259891e-02 1.391601272000000111e-01
7.305483940060865725e-03 1.446740636000000135e-01
