3.618380343948299216e-01 6.243666999999999967e-02
1.688577493842539523e+00 6.372569399999999940e-02
7.357373366028208572e+00 6.501471799999999912e-02
2.122783135116335629e+01 6.630374199999999885e-02
4.450607823056407852e+01 6.759276599999999857e-02
9.419850162078738265e+01 6.888178999999999830e-02
1.302616923821387616e+02 7.017081399999999802e-02
1.370160023575089383e+02 7.145983799999999775e-02
1.312265938071916480e+02 7.274886199999999747e-02
1.020383256993420389e+02 7.403788599999999720e-02
6.344226869722684370e+01 7.532690999999999693e-02
2.725846525774385398e+01 7.661593399999999665e-02
1.001085228492362766e+01 7.790495799999999638e-02
3.497767665816689409e+00 7.919398199999999610e-02
1.447352137579319686e+00 8.048300600000000971e-02
0.000000000000000000e+00 8.177203000000000943e-02
0.000000000000000000e+00 8.306105400000000916e-02
0.000000000000000000e+00 8.435007800000000888e-02
0.000000000000000000e+00 8.563910200000000861e-02
0.000000000000000000e+00 8.692812600000000833e-02
0.000000000000000000e+00 8.821715000000000806e-02
1.206126781316099739e-01 8.950617400000000778e-02
0.000000000000000000e+00 9.079519800000000751e-02
0.000000000000000000e+00 9.208422200000000724e-02
1.206126781316099739e-01 9.337324600000000696e-02
