5.0 0.00072981454381151856 -21.140000000000001 -1.7799999999999998 -9.451
5.625 0.00053946405654563224 -21.033749999999998 -1.8612499999999998 -9.818
6.25 0.00039876085064677493 -20.927499999999998 -1.9424999999999999 -10.172
6.875 0.00029475590464123752 -20.821249999999999 -2.0237499999999997 -10.614
7.5 0.00021787756541284469 -20.715 -2.105 -11.032
8.125 0.00016105066179423059 -20.608750000000001 -2.1862499999999998 -11.396
8.75 0.00011904537126258222 -20.502499999999998 -2.2675000000000001 -11.707
9.375 8.7995915453939014e-05 -20.396249999999998 -2.3487499999999999 -11.999
10.0 6.5044789683566757e-05 -20.289999999999999 -2.4299999999999997 -12.285
10.625 4.8079784648573076e-05 -20.18375 -2.51125 -12.559
11.25 3.5539598222994849e-05 -20.077500000000001 -2.5924999999999998 -12.810
11.875 2.6270147653196382e-05 -19.971249999999998 -2.6737500000000001 -13.045
12.5 1.9418358457249437e-05 -19.864999999999998 -2.7549999999999999 -13.282
13.125 1.4353655341116863e-05 -19.758749999999999 -2.8362499999999997 -13.498
13.75 1.0609929881825646e-05 -19.6525 -2.9175 -13.676
14.375 7.8426442200260886e-06 -19.546250000000001 -2.9987500000000002 -13.842
15.0 5.7971229826191045e-06 -19.439999999999998 -3.0800000000000001 -14.046
